3.254726409912109375e+01
6.641979694366455078e+00
4.337828636169433594e+00
2.962581157684326172e+00
2.218017101287841797e+00
2.140288829803466797e+00
1.673415064811706543e+00
1.424560904502868652e+00
1.246445894241333008e+00
1.094466805458068848e+00
1.003724217414855957e+00
9.790502786636352539e-01
7.537242174148559570e-01
6.846059560775756836e-01
6.263035535812377930e-01
6.792349219322204590e-01
6.603038311004638672e-01
4.587539136409759521e-01
4.693941771984100342e-01
5.169407725334167480e-01
4.227108359336853027e-01
4.157837927341461182e-01
4.277370274066925049e-01
3.505035638809204102e-01
2.858838140964508057e-01
2.232425659894943237e-01
2.682535350322723389e-01
3.001684546470642090e-01
1.966827958822250366e-01
2.380077838897705078e-01
