2.258015632629394531e+00
1.953553915023803711e+00
1.750867486000061035e+00
1.565888047218322754e+00
1.397565364837646484e+00
1.273579597473144531e+00
1.140567779541015625e+00
1.042600631713867188e+00
9.520710110664367676e-01
8.766171336174011230e-01
8.155177831649780273e-01
7.609131932258605957e-01
7.096334695816040039e-01
6.809166073799133301e-01
6.312898397445678711e-01
6.025485992431640625e-01
5.747530460357666016e-01
5.478855371475219727e-01
5.260865688323974609e-01
4.935131967067718506e-01
