8.541912231445312500e+02
2.671103515625000000e+02
4.272856235504150391e+00
4.606875228881835938e+01
2.492137718200683594e+01
0.000000000000000000e+00
7.399054050445556641e+00
0.000000000000000000e+00
0.000000000000000000e+00
5.385973930358886719e+00
1.101002788543701172e+01
0.000000000000000000e+00
2.983062744140625000e+01
0.000000000000000000e+00
0.000000000000000000e+00
2.718774318695068359e+00
0.000000000000000000e+00
0.000000000000000000e+00
0.000000000000000000e+00
0.000000000000000000e+00
0.000000000000000000e+00
0.000000000000000000e+00
0.000000000000000000e+00
0.000000000000000000e+00
0.000000000000000000e+00
0.000000000000000000e+00
0.000000000000000000e+00
0.000000000000000000e+00
0.000000000000000000e+00
0.000000000000000000e+00
